1420
c.1450
-1
c.1503
1500
c.1513
1501
c.1516
1522
1550
1510
c.1517
1530
c.1545
c.1506
1526
-1
c.1567
-1
-1
c.1527
1542
1553
1540
1588
1565
-1
-1
1610
c.1600
1577
1574
1600
-1
c.1604
c.1635
1639
1644
1639
1650
-1
1635
1635
1632
c.1645
1640
-1
c.1665
1673
-1
c.1670
1661
-1
1674
c.1715
c.1757
1779
1735
1737
c.1756
1784
1771
-1
1788
1781
1787
1770
1795
1783
1784
1791
1780
1824
1794
1800
c.1820
1802
1792
1800
-1
1802
1824
-1
1800
-1
1801
c.1799
1844
-1
1859
1811
1828
-1
1835
-1
1878
1828
1871
c.1822
-1
