1957
1927
1957
1939
1944
1929
1936
-1
1937
1971
1971
1952
1949
1937
1957
1933
-1
1940
1980
-1
1926
1980
1938
1956
1972
1940
1942
1936
-1
1968
1996
1938
1926
-1
1930
-1
1940
1938
1987
1985
1963
1981
-1
1947
1973
-1
1942
1979
1950
1986
1943
1989
1943
1955
1990
1977
1946
1996
1950
1943
-1
2004
1998
2009
-1
1986
1977
1945
-1
2004
2000
2005
1965
1952
-1
1964
1965
1990
1946
1986
1981
1957
-1
2008
1984
1965
1974
2004
1986
1961
1963
1971
1983
1977
1986
-1
1976
2007
1995
1973
-1
1997
1991
1972
1973
1984
1998
1987
1996
2007
2005
c.2003
1986
February 2012
2013
